# a warm afternoon in a greenhouse: tick (s), temperature (C), humidity (%RH)
0       24.7   68.5
60      25.0   68.8
120     25.8   70.1
180     26.1   66.2
240     25.8   68.5
300     27.1   65.6
360     27.6   64.6
420     27.2   64.8
480     27.8   63.2
540     29.5   64.5
600     30.1   64.6
660     30.5   62.4
720     30.0   62.9
780     30.8   59.8
840     31.1   59.2
900     31.7   60.0
960     31.3   57.7
1020    32.1   59.6
1080    32.0   58.2
1140    32.6   57.3
1200    32.4   57.9
1260    32.4   58.2
1320    33.4   59.5
1380    32.6   56.9
1440    33.4   56.6
1500    33.6   56.1
1560    33.2   57.1
1620    32.4   57.5
1680    33.2   57.1
1740    33.2   57.5
1800    31.8   58.6
1860    31.8   60.0
1920    31.4   59.1
1980    30.9   61.9
2040    31.1   60.4
2100    30.1   60.7
2160    30.7   63.0
2220    30.3   61.3
2280    29.1   64.4
2340    28.2   64.4
2400    28.5   62.3
2460    28.3   64.4
2520    27.4   66.8
2580    27.0   68.0
2640    27.1   66.0
2700    26.5   66.1
2760    24.7   70.0
2820    24.4   70.5
